a=12
a=11
