a=12
a=11
a=10
