a=12
a=10